  51.1125   17.0884   19.55 0.10    0.00
  51.1195   17.1392   20.21 0.10    0.00
  51.0962   17.1677   20.32 0.10    0.00
  51.0916   17.2064   20.12 0.10    0.00
  51.0803   17.2507   20.73 0.10    0.00
  51.0746   17.2618   21.01 0.10    0.00
  51.0651   17.2820   21.02 0.10    0.00
  51.0479   17.3265   20.80 0.10    0.00
  51.0089   17.3214   20.99 0.10    0.00
  50.9959   17.3275   21.12 0.10    0.00
  50.9575   17.3182   20.93 0.10    0.00
  50.9506   17.3139   20.60 0.10    0.00
  50.9118   17.2958   20.95 0.10    0.00
  50.9191   17.2330   21.22 0.10    0.00
  50.8623   17.1840   21.38 0.10    0.00
  50.8356   17.1508   21.53 0.10    0.00
  50.8167   17.1250   21.43 0.10    0.00
  50.8011   17.1023   21.40 0.10    0.00
  50.7931   17.0912   21.05 0.10    0.00
  50.7853   17.0730   20.29 0.10    0.00
  50.7627   17.0454   20.86 0.10    0.00
  50.7712   17.0532   20.40 0.10    0.00
  50.7798   17.0638   20.27 0.10    0.00
  50.7986   17.0631   21.16 0.10    0.00
  50.8181   17.0589   21.42 0.10    0.00
  50.8614   17.0669   21.64 0.10    0.00
  50.8940   17.0705   21.47 0.10    0.00
  51.0293   17.0710   20.50 0.10    0.00
  51.1082   17.0609   18.04 0.10    0.00
