eudem_dem_5deg_n40e010.tif        18000  18000   10.0000   15.0000   45.0000   40.0000
eudem_dem_5deg_n40e015.tif        18000  18000   15.0000   20.0000   45.0000   40.0000
eudem_dem_5deg_n40e020.tif        18000  18000   20.0000   25.0000   45.0000   40.0000
eudem_dem_5deg_n45e010.tif        18000  18000   10.0000   15.0000   50.0000   45.0000
eudem_dem_5deg_n45e015.tif        18000  18000   15.0000   20.0000   50.0000   45.0000
eudem_dem_5deg_n45e020.tif        18000  18000   20.0000   25.0000   50.0000   45.0000
eudem_dem_5deg_n50e010.tif        18000  18000   10.0000   15.0000   55.0000   50.0000
eudem_dem_5deg_n50e015.tif        18000  18000   15.0000   20.0000   55.0000   50.0000
eudem_dem_5deg_n50e020.tif        18000  18000   20.0000   25.0000   55.0000   50.0000
eudem_dem_5deg_n55e010.tif        18000  18000   10.0000   15.0000   60.0000   55.0000
eudem_dem_5deg_n55e015.tif        18000  18000   15.0000   20.0000   60.0000   55.0000
eudem_dem_5deg_n55e020.tif        18000  18000   20.0000   25.0000   60.0000   55.0000
